initial_pose_x: 2.195128
initial_pose_y: 0.545489
initial_pose_a: 0.505638

